116.3171241,39.9554824,wx4eqcet93y02s,116.3171241,39.9554824,
116.3172892,39.95546,wx4eqcetmm94u0,116.3172892,39.9554600,
116.3174443,39.9554685,wx4eqcev2zhv3p,116.3174443,39.9554685,
116.3213288,39.9557125,wx4eqcwwgktkbz,116.3213288,39.9557125,
116.3218569,39.9557457,wx4eqcwzpdz51c,116.3218569,39.9557457,
116.3253387,39.9559524,wx4er1c82c7k09,116.3253387,39.9559524,
116.327307,39.9560753,wx4er1fcn8qcnj,116.3273070,39.9560753,
116.3290205,39.9561685,wx4er1u1w9st5u,116.3290205,39.9561685,
116.3292033,39.9561785,wx4er1u3dgsbv9,116.3292033,39.9561785,
116.3340253,39.9564433,wx4er1zg5kbkrh,116.3340253,39.9564433,
116.3346339,39.9564833,wx4er3b73kq6bz,116.3346339,39.9564833,
116.3349562,39.9565002,wx4er3be2zqxg1,116.3349562,39.9565002,
116.3365734,39.9565832,wx4er3ceywuqzj,116.3365734,39.9565832,
116.3400281,39.9567729,wx4er3ujp4k6x2,116.3400281,39.9567729,
116.3400051,39.9568514,wx4er3ujw8gqf9,116.3400051,39.9568514,
116.3365702,39.9566713,wx4er3csqx6h6y,116.3365702,39.9566713,
116.3347398,39.9565753,wx4er3b7gvmpz9,116.3347398,39.9565753,
116.3340133,39.9565372,wx4er1zgdyrs8b,116.3340133,39.9565372,
116.3291903,39.9562843,wx4er1u64x5pzm,116.3291903,39.9562843,
116.3290079,39.9562747,wx4er1u4nm7nxk,116.3290079,39.9562747,
116.3275343,39.9561934,wx4er1g1sn23tv,116.3275343,39.9561934,
116.3224452,39.9558688,wx4eqcxrv3v9r5,116.3224452,39.9558688,
116.32185,39.9558308,wx4eqcwzxd9ytj,116.3218500,39.9558308,
116.3174375,39.9555443,wx4eqcevbtr9wu,116.3174375,39.9555443,
116.3172775,39.9555302,wx4eqcetv48mt1,116.3172775,39.9555302,
116.3183111,39.9577257,wx4eqfh6t5gn5w,116.3183111,39.9577257,
116.3183893,39.9569968,wx4eqcuqquj6js,116.3183893,39.9569968,
116.319267,39.9570661,wx4eqcvng2gzs3,116.3192670,39.9570661,
116.3197557,39.9571047,wx4eqcvrnb0mc1,116.3197557,39.9571047,
116.3217028,39.9572159,wx4eqcyzshujhg,116.3217028,39.9572159,
116.3236691,39.9573628,wx4er4029bq36t,116.3236691,39.9573628,
116.3245419,39.9574329,wx4er40bym35s6,116.3245419,39.9574329,
116.3246249,39.9565846,wx4er1c5bppp2b,116.3246249,39.9565846,
116.3215102,39.9590465,wx4eqfqdrdht14,116.3215102,39.9590465,
116.3252049,39.959296,wx4er437v8xt2h,116.3252049,39.9592960,
116.3252635,39.9592217,wx4er437r4g4nq,116.3252635,39.9592217,
116.3255758,39.9565392,wx4er1cewqu06n,116.3255758,39.9565392,
116.3228615,39.9572104,116.3235641,39.957252,00000000000000,-180.0000000,-90.0000000,
116.3229086,39.9568812,116.3236112,39.9569228,00000000000000,-180.0000000,-90.0000000,
116.3229505,39.9565721,116.3236531,39.9566137,00000000000000,-180.0000000,-90.0000000,
116.3229872,39.956263,116.3236898,39.9563046,00000000000000,-180.0000000,-90.0000000,
116.3235634,39.9583331,wx4er40npmpt2r,116.3235634,39.9583331,
116.3236691,39.9573628,wx4er4029bq36t,116.3236691,39.9573628,
116.3237769,39.9564058,wx4er1b6umysww,116.3237769,39.9564058,
116.3245064,39.9564541,wx4er1bgjqysv3,116.3245064,39.9564541,
116.3237518,39.9572666,116.3244544,39.9573082,00000000000000,-180.0000000,-90.0000000,
116.3237936,39.9569414,116.3244963,39.956983,00000000000000,-180.0000000,-90.0000000,
116.3238355,39.9566323,116.3245382,39.9566739,00000000000000,-180.0000000,-90.0000000,
116.323878,39.9563207,116.3245806,39.9563623,00000000000000,-180.0000000,-90.0000000,
116.324478,39.954453,wx4er12zscc7z9,116.3244780,39.9544530,
116.3247918,39.9506317,wx4er0c1k1e2z4,116.3247918,39.9506317,
116.3258242,39.9506914,wx4er0ccshtkcn,116.3258242,39.9506914,
116.3255218,39.9541994,wx4er13wj4eg18,116.3255218,39.9541994,
116.3253387,39.9559524,wx4er1c82c7k09,116.3253387,39.9559524,
116.3292488,39.9543584,wx4er1kr5bnz7r,116.3292488,39.9543584,
116.3255218,39.9541994,wx4er13wj4eg18,116.3255218,39.9541994,
116.3280315,39.9659957,wx4er5e6z9e4tm,116.3280315,39.9659957,
116.3280389,39.9659185,wx4er5e6rg0wnh,116.3280389,39.9659185,
116.3281009,39.9652689,wx4er57w94ngjk,116.3281009,39.9652689,
116.3281505,39.9647501,wx4er57ed37uku,116.3281505,39.9647501,
116.3283934,39.9622068,wx4er4gu8p3108,116.3283934,39.9622068,
116.3285554,39.9605354,wx4er4efgz9ydn,116.3285554,39.9605354,
116.3286519,39.9596265,wx4er47vwn3bbv,116.3286519,39.9596265,
116.3287753,39.9584648,wx4er4hnbvtz15,116.3287753,39.9584648,
116.3290079,39.9562747,wx4er1u4nm7nxk,116.3290079,39.9562747,
116.3291903,39.9562843,wx4er1u64x5pzm,116.3291903,39.9562843,
116.3289573,39.9584022,wx4er4hnt4j3xv,116.3289573,39.9584022,
116.3289135,39.9588008,wx4er4k0uhkg6v,116.3289135,39.9588008,
116.3287214,39.9605466,wx4er4egp9v9e0,116.3287214,39.9605466,
116.3284226,39.96366,wx4er55v0wnv9m,116.3284226,39.9636600,
116.3281978,39.9660015,wx4er5edg6xjm8,116.3281978,39.9660015,
116.3290079,39.9562747,wx4er1u4nm7nxk,116.3290079,39.9562747,
116.3290205,39.9561685,wx4er1u1w9st5u,116.3290205,39.9561685,
116.3290205,39.9561685,wx4er1u1w9st5u,116.3290205,39.9561685,
116.3292488,39.9543584,wx4er1kr5bnz7r,116.3292488,39.9543584,
116.3295521,39.9524291,wx4er1heg094b2,116.3295521,39.9524291,
116.3297033,39.951467,wx4er0uwnt1z85,116.3297033,39.9514670,
116.3298219,39.9509281,wx4er0ug12f0yj,116.3298219,39.9509281,
116.3292033,39.9561785,wx4er1u3dgsbv9,116.3292033,39.9561785,
116.3291903,39.9562843,wx4er1u64x5pzm,116.3291903,39.9562843,
116.3300227,39.9509524,wx4er0ugjvrcvk,116.3300227,39.9509524,
116.3299141,39.9514739,wx4er0uy5qwby0,116.3299141,39.9514739,
116.3296935,39.953033,wx4er1hxq34mnk,116.3296935,39.9530330,
116.3296836,39.9530984,wx4er1hxwj7560,116.3296836,39.9530984,
116.3296144,39.953541,wx4er1kdhrz7qz,116.3296144,39.9535410,
116.3295451,39.9539859,wx4er1ksffgc3m,116.3295451,39.9539859,
116.3292033,39.9561785,wx4er1u3dgsbv9,116.3292033,39.9561785,
116.329344,39.952774,wx4er1hmy0vu4v,116.3293440,39.9527740,
116.3293884,39.9525346,wx4er1hkrhqbn6,116.3293884,39.9525346,
116.3298752,39.9525838,wx4er1hudt3vtf,116.3298752,39.9525838,
116.3295451,39.9539859,wx4er1ksffgc3m,116.3295451,39.9539859,
116.3300783,39.9540142,wx4er1kvp2165z,116.3300783,39.9540142,
116.3313823,39.9540835,wx4er1mvmsvxws,116.3313823,39.9540835,
116.3321183,39.9541226,wx4er1qmwu68b7,116.3321183,39.9541226,
116.3296836,39.9530984,wx4er1hxwj7560,116.3296836,39.9530984,
116.3310179,39.9532293,wx4er1m8mjvbps,116.3310179,39.9532293,
116.3323667,39.9533619,wx4er1q9hw7xp7,116.3323667,39.9533619,
116.3330425,39.9534284,wx4er1r1s6geu9,116.3330425,39.9534284,
116.3298352,39.9528315,wx4er1hy1es55m,116.3298352,39.9528315,
116.3298752,39.9525838,wx4er1hudt3vtf,116.3298752,39.9525838,
116.3299041,39.9524044,wx4er1hge5zrrm,116.3299041,39.9524044,
116.3298429,39.9529511,wx4er1hycccue5,116.3298429,39.9529511,
116.3298352,39.9528315,wx4er1hy1es55m,116.3298352,39.9528315,
116.3300783,39.9540142,wx4er1kvp2165z,116.3300783,39.9540142,
116.3300112,39.954603,wx4er1sbmtz6df,116.3300112,39.9546030,
116.3299626,39.9550593,wx4er1sghdghe2,116.3299626,39.9550593,
116.3299626,39.9550593,wx4er1sghdghe2,116.3299626,39.9550593,
116.3312694,39.955131,wx4er1tge0380y,116.3312694,39.9551310,
116.3300112,39.954603,wx4er1sbmtz6df,116.3300112,39.9546030,
116.331307,39.9546772,wx4er1tbggtt1y,116.3313070,39.9546772,
116.3300276,39.9549976,116.3311715,39.9550663,00000000000000,-180.0000000,-90.0000000,
116.3300901,39.9544366,116.3302396,39.9544473,00000000000000,-180.0000000,-90.0000000,
116.3302137,39.950724,116.3310076,39.9508638,00000000000000,-180.0000000,-90.0000000,
116.3302405,39.9606437,wx4er4t5e5fkdp,116.3302405,39.9606437,
116.330362,39.9600278,wx4er4t0jchfv2,116.3303620,39.9600278,
116.3304254,39.9598211,wx4er4mnz6s1wp,116.3304254,39.9598211,
116.3305422,39.9595977,wx4er4mmd0gm15,116.3305422,39.9595977,
116.3307511,39.9592409,wx4er4m7qyrh9x,116.3307511,39.9592409,
116.3330166,39.9575586,wx4er4p1eub36t,116.3330166,39.9575586,
116.3333446,39.9572728,wx4er1zrgrsbsc,116.3333446,39.9572728,
116.3340133,39.9565372,wx4er1zgdyrs8b,116.3340133,39.9565372,
116.3340253,39.9564433,wx4er1zg5kbkrh,116.3340253,39.9564433,
116.3309198,39.9517602,116.3321105,39.9519626,00000000000000,-180.0000000,-90.0000000,
116.332283,39.9522302,wx4er1nddet260,116.3322830,39.9522302,
116.3321726,39.9521898,wx4er1nd25fzrb,116.3321726,39.9521898,
116.3318871,39.9521489,wx4er1n61kq579,116.3318871,39.9521489,
116.3316787,39.9521291,wx4er1n4h8dtpj,116.3316787,39.9521291,
116.3314746,39.9521176,wx4er1jczyd894,116.3314746,39.9521176,
116.3313092,39.9521028,wx4er1jcggz0q3,116.3313092,39.9521028,
116.3311545,39.9520978,wx4er1jcb6gf7p,116.3311545,39.9520978,
116.3316636,39.9521647,wx4er1n4hpr3w9,116.3316636,39.9521647,
116.3311916,39.9521347,wx4er1jf11xw86,116.3311916,39.9521347,
116.3312694,39.955131,wx4er1tge0380y,116.3312694,39.9551310,
116.331307,39.9546772,wx4er1tbggtt1y,116.3313070,39.9546772,
116.331316,39.9546061,wx4er1tbknkm09,116.3313160,39.9546061,
116.3313823,39.9540835,wx4er1mvmsvxws,116.3313823,39.9540835,
116.3320795,39.9546317,wx4er1w2tgjtf2,116.3320795,39.9546317,
116.331316,39.9546061,wx4er1tbknkm09,116.3313160,39.9546061,
116.3316636,39.9521647,wx4er1n4hpr3w9,116.3316636,39.9521647,
116.3314746,39.9521176,wx4er1jczyd894,116.3314746,39.9521176,
116.3393472,39.9617069,wx4er6g9z60fbx,116.3393472,39.9617069,
116.3396891,39.9602533,wx4er6ecr5peyt,116.3396891,39.9602533,
116.3397466,39.9600878,wx4er6s02s68dt,116.3397466,39.9600878,
116.3398078,39.9599112,wx4er6kp6525ny,116.3398078,39.9599112,
116.3399158,39.9597071,wx4er6knht29xy,116.3399158,39.9597071,
116.3400129,39.9595251,wx4er6kjng3hhc,116.3400129,39.9595251,
116.3401461,39.9593237,wx4er6k7cvu6xh,116.3401461,39.9593237,
116.34029,39.9591058,wx4er6k6tjpybd,116.3402900,39.9591058,
116.3404448,39.9588989,wx4er6k92yehw7,116.3404448,39.9588989,
116.3406247,39.9586672,wx4er6k8j53q6y,116.3406247,39.9586672,
116.3409378,39.9582369,wx4er6hvs74z9u,116.3409378,39.9582369,
116.3411537,39.9579307,wx4er6j5c65v16,116.3411537,39.9579307,
116.3412437,39.95779,wx4er6j4gryvub,116.3412437,39.9577900,
116.3413661,39.9576052,wx4er6j1ym6pmk,116.3413661,39.9576052,
116.3415026,39.9573729,wx4er6j296pvwm,116.3415026,39.9573729,
116.341703,39.9569233,wx4er3vmynm7sn,116.3417030,39.9569233,
116.3417505,39.9568168,wx4er3vmr68b3s,116.3417505,39.9568168,
116.3417848,39.9567423,wx4er3vsbhd7gz,116.3417848,39.9567423,
116.341827,39.9566462,wx4er3vs349ydz,116.3418270,39.9566462,
116.3418483,39.9565629,wx4er3vece1tz4,116.3418483,39.9565629,
116.3418778,39.9564423,wx4er3ve4hxwrj,116.3418778,39.9564423,
116.3418878,39.9562868,wx4er3vd4rxnvd,116.3418878,39.9562868,
116.3418746,39.9561359,wx4er3v965t6dt,116.3418746,39.9561359,
116.3418036,39.9558435,wx4er3tx8t06kw,116.3418036,39.9558435,
116.3416683,39.9555558,wx4er3tmvr7w0p,116.3416683,39.9555558,
116.3414981,39.9553417,wx4er3tk9rs954,116.3414981,39.9553417,
116.341245,39.9551209,wx4er3t57qrggy,116.3412450,39.9551209,
116.3411247,39.9550361,wx4er3t4bww4j7,116.3411247,39.9550361,
116.3409145,39.9549188,wx4er3sf7b9qmu,116.3409145,39.9549188,
116.3406915,39.9548116,wx4er3s9wsenuv,116.3406915,39.9548116,
116.3403785,39.9547012,wx4er3s3p21u27,116.3403785,39.9547012,
116.3396233,39.9545154,wx4er37zvtw8h8,116.3396233,39.9545154,
116.3387474,39.9542778,wx4er37q931w8v,116.3387474,39.9542778,
116.3381431,39.9541515,wx4er36vg1wvm8,116.3381431,39.9541515,
116.3347178,39.9535353,wx4er3265quc6z,116.3347178,39.9535353,
116.3340012,39.9534064,wx4er1rc6wy884,116.3340012,39.9534064,
116.3338221,39.9533419,wx4er1r9nd8zyd,116.3338221,39.9533419,
116.333653,39.9532302,wx4er1r86tfv7x,116.3336530,39.9532302,
116.3334577,39.9530917,wx4er1prwh15rd,116.3334577,39.9530917,
116.3332974,39.9529353,wx4er1pqdqcwqe,116.3332974,39.9529353,
116.3331225,39.9527051,wx4er1pjqhp31k,116.3331225,39.9527051,
116.3329302,39.9525353,wx4er1ph3srukb,116.3329302,39.9525353,
116.3327115,39.9523767,wx4er1ngkwuf4t,116.3327115,39.9523767,
116.3324725,39.9522873,wx4er1ndzn4sgu,116.3324725,39.9522873,
116.332283,39.9522302,wx4er1nddet260,116.3322830,39.9522302,
116.3321216,39.9522289,wx4er1n6wgkbx0,116.3321216,39.9522289,
116.3319233,39.9521904,wx4er1n66k14g7,116.3319233,39.9521904,
116.3316636,39.9521647,wx4er1n4hpr3w9,116.3316636,39.9521647,
116.3321183,39.9541226,wx4er1qmwu68b7,116.3321183,39.9541226,
116.3320795,39.9546317,wx4er1w2tgjtf2,116.3320795,39.9546317,
116.3323667,39.9533619,wx4er1q9hw7xp7,116.3323667,39.9533619,
116.3323004,39.953668,wx4er1qdgpd316,116.3323004,39.9536680,
116.3321329,39.9537556,wx4er1q7rpv7ss,116.3321329,39.9537556,
116.3321183,39.9541226,wx4er1qmwu68b7,116.3321183,39.9541226,
116.3328777,39.9528906,wx4er1pn2w8g8q,116.3328777,39.9528906,
116.3321606,39.9528236,wx4er1nqpf4h19,116.3321606,39.9528236,
116.3322276,39.9519451,116.3328542,39.9520512,00000000000000,-180.0000000,-90.0000000,
116.3323905,39.9512684,116.3331271,39.9513989,00000000000000,-180.0000000,-90.0000000,
116.3334577,39.9530917,wx4er1prwh15rd,116.3334577,39.9530917,
116.3332654,39.9530045,wx4er1pr1ecg5h,116.3332654,39.9530045,
116.3330613,39.9529107,wx4er1pnsf3et5,116.3330613,39.9529107,
116.3328777,39.9528906,wx4er1pn2w8g8q,116.3328777,39.9528906,
116.3330892,39.9594112,116.3339572,39.9594261,00000000000000,-180.0000000,-90.0000000,
116.3390256,39.9526725,wx4er35mpvbywy,116.3390256,39.9526725,
116.3375625,39.9524138,wx4er347tttzrz,116.3375625,39.9524138,
116.3367464,39.9522308,wx4er31fdet7z5,116.3367464,39.9522308,
116.3337122,39.9517118,wx4er0zxefz5bh,116.3337122,39.9517118,
116.3338527,39.9525895,116.3345356,39.9527023,00000000000000,-180.0000000,-90.0000000,
116.3339488,39.9522577,116.3346201,39.9523784,00000000000000,-180.0000000,-90.0000000,
