103.9639410,1.3538212,w21zty2nx6t448,103.9639410,1.3538212,
103.9645111,1.3518581,w21zty0ehsw5tv,103.9645111,1.3518581,
103.9647729,1.3510453,w21ztvby6v17hs,103.9647729,1.3510453,
103.9650882,1.3500930,w21ztvc0f5s6ry,103.9650882,1.3500930,
103.9653199,1.3496146,w21ztv9npd3k8m,103.9653199,1.3496146,
103.9656289,1.3490826,w21ztv96yxpxjt,103.9656289,1.3490826,
103.9660409,1.3485506,w21ztv3zbk4csj,103.9660409,1.3485506,
103.9665645,1.3479757,w21ztv6hs8ck3b,103.9665645,1.3479757,
103.9669684,1.3473149,w21ztv62tvwqrj,103.9669684,1.3473149,
103.9677232,1.3459713,w21ztv4bze1r93,103.9677232,1.3459713,
103.8580286,1.3937872,w21zgmep7kz0d2,103.8580286,1.3937872,
103.8580953,1.3929822,w21zgme4tn8y3z,103.8580953,1.3929822,
103.8583948,1.3876464,w21zgke7sh01hn,103.8583948,1.3876464,
103.8584249,1.3854904,w21zgk5rhdns4m,103.8584249,1.3854904,
103.8584634,1.3837406,w21zg7gkvegq1n,103.8584634,1.3837406,
103.8584741,1.3826991,w21zg7eqvcg32m,103.8584741,1.3826991,
103.8584041,1.3808760,w21zg77khjzn4n,103.8584041,1.3808760,
