## 经纬度精度为小数点后4位
zoom=7
TopLeftPointPoint(25417, 15972)
103.846 1.273;1.8124546150260314 0.022219869560879207
25836.293688888887 16268.119176790964
419 296
103.824 1.268;1.8120706425905926 0.022132581639204483
25834.2912 16268.57439981521
417 297
103.829 1.276;1.8121579090531923 0.022272242395090878
25834.74631111111 16267.846042552907
418 296
103.813 1.271;1.8118786563728733 0.02218495437193407
25833.289955555556 16268.301266106402
416 296
103.818 1.267;1.811965922835473 0.02211512407512344
25833.745066666666 16268.665444314433
417 297
M419 296L416 296L417 297

zoom=13
TopLeftPointPoint(1652977, 1040892)
103.846 1.273;1.8124546150260314 0.022219869560879207
1653522.7960888888 1041159.6273146217
546 268
103.824 1.268;1.8120706425905926 0.022132581639204483
1653394.6368 1041188.7615881735
418 297
103.829 1.276;1.8121579090531923 0.022272242395090878
1653423.763911111 1041142.146723386
447 250
103.813 1.271;1.8118786563728733 0.02218495437193407
1653330.5571555556 1041171.2810308097
354 279
103.818 1.267;1.811965922835473 0.02211512407512344
1653359.6842666666 1041194.5884361237
383 303
M546 268L418 297L447 250L354 279L383 303

zoom=14
TopLeftPointPoint(3306372, 2082081)
103.846 1.273;1.8124546150260314 0.022219869560879207
3307045.5921777776 2082319.2546292434
674 238
103.824 1.268;1.8120706425905926 0.022132581639204483
3306789.2736 2082377.523176347
417 297
103.829 1.276;1.8121579090531923 0.022272242395090878
3306847.527822222 2082284.293446772
476 203
103.813 1.271;1.8118786563728733 0.02218495437193407
306661.114311111 2082342.5620616195
289 262
103.818 1.267;1.811965922835473 0.02211512407512344
3306719.3685333333 2082389.1768722474
347 308
M674 238L417 297L476 203L289 262L347 308

zoom=15
TopLeftPointPoint(6613161, 4164458)
103.846 1.273;1.8124546150260314 0.022219869560879207
6614091.184355555 4164638.509258487
930 181
103.824 1.268;1.8120706425905926 0.022132581639204483
6613578.5472 4164755.046352694
418 297
103.829 1.276;1.8121579090531923 0.022272242395090878
6613695.055644444 4164568.586893544
534 111
103.813 1.271;1.8118786563728733 0.02218495437193407
6613322.228622222 4164685.124123239
161 227
103.818 1.267;1.811965922835473 0.02211512407512344
6613438.737066667 4164778.3537444947
278 320
M930 181L418 297L534 111L161 227L278 320

zoom=16
TopLeftPointPoint(13226740, 8329213)
103.846 1.273;1.8124546150260314 0.022219869560879207
13228182.36871111 8329277.018516974
5477 1442 64
1432 103.824 1.268;1.8120706425905926 0.022132581639204483
810 13227157.0944 8329510.092705388
5477 417 297
103.829 1.276;1.8121579090531923 0.022272242395090878
13227390.111288888 8329137.173787088
650 -76
103.813 1.271;1.8118786563728733 0.02218495437193407
13226644.457244445 8329370.248246478
-96 157
103.818 1.267;1.811965922835473 0.02211512407512344
13226877.474133333 8329556.707488989
137 344
M1029 157.8819512195122L417 297L650 -76L-96 157L137 344