## 经纬度精度为小数点后7位
zoom=7
TopLeftPointPoint(25417, 15972)
103.8455833 1.2726667;1.8124473422390384 0.02221405094276207
25836.25575992889 16268.149521985184
419 296
103.8242823 1.2683744;1.812075569655071 0.022139117752931457
25834.316895573334 16268.540312745654
417 297
103.8294088 1.2755919;1.8121650439591745 0.022265117940290808
25834.783520995556 16267.88319793246
418 296
103.8126865 1.2718096;1.8118731847656684 0.022199088037159195
25833.26142008889 16268.227556368514
416 296
103.8184732 1.2668029;1.8119741817334936 0.0221116831900383
25833.788138382224 16268.683389181082
417 297
M419 296L416 296L417 297

zoom=13
TopLeftPointPoint(1652979, 1040890)
103.8455833 1.2726667;1.8124473422390384 0.02221405094276207
1653520.3686354489 1041161.5694070518
541 272
103.8242823 1.2683744;1.812075569655071 0.022139117752931457
1653396.2813166934 1041186.5800157218
417 297
103.8294088 1.2755919;1.8121650439591745 0.022265117940290808
1653426.1453437156 1041144.5246676775
447 255
103.8126865 1.2718096;1.8118731847656684 0.022199088037159195
1653328.730885689 1041166.5636075849
350 277
103.8184732 1.2668029;1.8119741817334936 0.0221116831900383
1653362.4408564623 1041195.7369075892
383 306
M541 272L417 297L447 255L350 277L383 306

zoom=14
TopLeftPointPoint(3306375, 2082076)
103.8455833 1.2726667;1.8124473422390384 0.02221405094276207
3307040.7372708977 2082323.1388141036
666 247
103.8242823 1.2683744;1.812075569655071 0.022139117752931457
3306792.562633387 2082373.1600314437
418 297
103.8294088 1.2755919;1.8121650439591745 0.022265117940290808
3306852.290687431 2082289.049335355
477 213
103.8126865 1.2718096;1.8118731847656684 0.022199088037159195
3306657.461771378 2082333.1272151698
282 257
103.8184732 1.2668029;1.8119741817334936 0.0221116831900383
3306724.8817129247 2082391.4738151785
350 315
M666 247L418 297L477 213L282 257L350 315