zoom = 7
TopLeftPointPoint(25159, 15972)
103.846 1.272;1.8124546150260314 0.022202411963024016
25836.293688888887 16268.210221466325
677 296
103.824 1.268;1.8120706425905926 0.022132581639204483
25834.2912 16268.57439981521
675 297
103.83 1.275;1.8121753623457124 0.022254784776907347
25834.837333333337 16267.937087334283
676 296
103.813 1.272;1.8118786563728733 0.022202411963024016
25833.289955555556 16268.210221466325
674 296
103.819 1.267;1.811983376127993 0.02211512407512344
25833.83608888889 16268.665444314433
675 297
M677 296L674 296L675 297