103.964,1.354,w21zty2n,103.964,1.354,
103.965,1.352,w21zty0e,*103.964*,1.352,
103.965,1.351,w21ztvby,103.965,1.351,
103.965,1.350,w21ztvc0,103.965,1.350,
103.965,1.350,w21ztv9n,103.965,1.350,
103.966,1.349,w21ztv96,103.966,1.349,
103.966,1.349,w21ztv3z,103.966,*1.348*,
103.967,1.348,w21ztv6h,103.967,1.348,
103.967,1.347,w21ztv62,103.967,1.347,
103.968,1.346,w21ztv4b,103.968,1.346,
103.858,1.394,w21zgmep,103.858,1.394,
103.858,1.393,w21zgme4,103.858,1.393,
103.858,1.388,w21zgke7,103.858,1.388,
103.858,1.385,w21zgk5r,103.858,1.386,
103.858,1.383,w21zg7eq,103.858,1.383,
103.858,1.384,w21zg7gk,103.858,1.384,
103.858,1.381,w21zg77k,103.858,1.381,
