103.96394,1.35382,w21zty2nx6,103.96394,1.35382,
103.96451,1.35186,w21zty0ehs,103.96451,1.35186,
103.96477,1.35105,w21ztvby6v,103.96478**,1.35105,
103.96509,1.35009,w21ztvc0f5,103.96509,1.35009,
103.96532,1.34961,w21ztv9npd,103.96532,1.34962**,
103.96563,1.34908,w21ztv96yx,103.96562**,1.34908,
103.96604,1.34855,w21ztv3zbk,103.96604,1.34855,
103.96656,1.34798,w21ztv6hs8,103.96657,1.34797,
103.96697,1.34731,w21ztv62tv,103.96697,1.34731,
103.96772,1.34597,w21ztv4bze,103.96773,1.34597,
103.85803,1.39379,w21zgmep7k,103.85802,1.39379,
103.85810,1.39298,w21zgme4tn,103.85810,1.39298,
103.85839,1.38765,w21zgke7sh,103.85840,1.38765,
103.85842,1.38549,w21zgk5rhd,103.85842,1.38549,
103.85846,1.38374,w21zg7gkve,103.85846,1.38374,
103.85847,1.38270,w21zg7eqvc,103.85848,1.38270,
103.85840,1.38088,w21zg77khj,103.85840,1.38087,
