103.9639410,1.3538212,w21zty2nx6,103.9639395,1.3538209,
103.9645111,1.3518581,w21zty0ehs,103.9645082,1.3518575,
103.9647729,1.3510453,w21ztvby6v,103.9647764,1.3510475,
103.9650882,1.3500930,w21ztvc0f5,103.9650875,1.3500926,
103.9653199,1.3496146,w21ztv9npd,103.9653236,1.3496152,
103.9656289,1.3490826,w21ztv96yx,103.9656240,1.3490841,
103.9660409,1.3485506,w21ztv3zbk,103.9660424,1.3485530,
103.9665645,1.3479757,w21ztv6hs8,103.9665681,1.3479736,
103.9669684,1.3473149,w21ztv62tv,103.9669651,1.3473138,
103.9677232,1.3459713,w21ztv4bze,103.9677268,1.3459727,
103.8580286,1.3937872,w21zgmep7k,103.8580245,1.3937858,
103.8580953,1.3929822,w21zgme4tn,103.8580996,1.3929811,
103.8583948,1.3876464,w21zgke7sh,103.8584000,1.3876489,
103.8584249,1.3854904,w21zgk5rhd,103.8584214,1.3854924,
103.8584634,1.3837406,w21zg7gkve,103.8584644,1.3837382,
103.8584741,1.3826991,w21zg7eqvc,103.8584751,1.3826975,
103.8584041,1.3808760,w21zg77khj,103.8584000,1.3808736,
