103.964,1.354,w21zty2,103.964,1.353,
103.965,1.352,w21zty0,103.964,1.352,
103.965,1.351,w21ztvb,103.964,1.351,
103.965,1.350,w21ztvc,103.966,1.351,
103.965,1.350,w21ztv9,103.966,1.349,
103.966,1.349,w21ztv3,103.966,1.348,
103.966,1.349,w21ztv9,103.966,1.349,
103.967,1.347,w21ztv6,103.967,1.348,
103.967,1.348,w21ztv6,103.967,1.348,
103.968,1.346,w21ztv4,103.967,1.347,
103.858,1.394,w21zgme,103.859,1.393,
103.858,1.393,w21zgme,103.859,1.393,
103.858,1.388,w21zgke,103.859,1.388,
103.858,1.385,w21zgk5,103.859,1.385,
103.858,1.384,w21zg7g,103.859,1.384,
103.858,1.383,w21zg7e,103.859,1.382,
103.858,1.381,w21zg77,103.859,1.381,
